type                 	output	layer size
--------------------------------------
input               :	128x128x3
  0 : conv2d              :	61x61x64	49456
  1 : batch normalization :	61x61x64	1048
  2 : activation relu     :	61x61x64	28
  3 : conv2d              :	28x28x64	590128
  4 : batch normalization :	28x28x64	1048
  5 : activation relu     :	28x28x64	28
  6 : conv2d              :	12x12x128	819760
  7 : batch normalization :	12x12x128	2072
  8 : activation relu     :	12x12x128	28
  9 : conv2d              :	9x9x256	2098224
 10 : batch normalization :	9x9x256	4120
 11 : activation relu     :	9x9x256	28
 12 : conv2d              :	7x7x18	166008
--------------------------------------
network image size = 3732000 (byte)
optimizer : ADAM
batch size : 50
lamda  CIoU       :      1.000
lamda　DFL        :      1.000
lamda　class      :      1.000
work area (byte) : 17230108
train data file : ..\Data\YOLO\PET_YOLO_AF_DFL_I128_G7_C2_sample50.flt
train data : 50
epoch	loss<total>	loss<CIoU>	loss<DF>	loss<class>	loss<no obj>	accuracy(%)	IoU(%)
1	5.881e+01	1.204e+00	7.596e+00	3.344e-01	4.968e+01	 76.00	 36.09
2	1.227e+01	9.184e-01	8.349e+00	2.982e+00	2.414e-02	 24.00	 50.22
3	1.209e+01	1.057e+00	7.928e+00	3.087e+00	2.255e-02	 24.00	 43.89
4	9.834e+00	9.424e-01	6.300e+00	2.546e+00	4.569e-02	 24.00	 49.27
5	7.027e+00	8.958e-01	4.788e+00	1.178e+00	1.653e-01	 24.00	 51.47
6	6.628e+00	8.799e-01	4.654e+00	4.537e-01	6.405e-01	 64.00	 52.29
7	6.385e+00	8.515e-01	4.567e+00	8.005e-01	1.659e-01	 36.00	 53.53
8	6.396e+00	8.492e-01	4.420e+00	1.070e+00	5.676e-02	 34.00	 53.50
9	6.346e+00	8.368e-01	4.322e+00	1.158e+00	2.950e-02	 60.00	 54.13
10	6.237e+00	8.322e-01	4.252e+00	1.129e+00	2.325e-02	 76.00	 54.40
11	6.042e+00	8.358e-01	4.203e+00	9.743e-01	2.880e-02	 78.00	 54.33
12	5.826e+00	8.336e-01	4.164e+00	7.843e-01	4.368e-02	 80.00	 54.50
13	5.684e+00	8.288e-01	4.139e+00	6.504e-01	6.590e-02	 80.00	 54.74
14	5.767e+00	8.284e-01	4.164e+00	7.480e-01	2.654e-02	 72.00	 54.76
15	5.602e+00	8.135e-01	4.096e+00	6.020e-01	9.048e-02	 80.00	 55.48
16	5.651e+00	8.064e-01	4.071e+00	7.486e-01	2.465e-02	 76.00	 55.86
17	5.538e+00	7.929e-01	3.991e+00	7.268e-01	2.733e-02	 76.00	 56.57
18	5.411e+00	7.772e-01	3.925e+00	6.628e-01	4.533e-02	 78.00	 57.41
19	5.412e+00	7.709e-01	3.858e+00	7.653e-01	1.709e-02	 76.00	 57.82
20	5.318e+00	7.588e-01	3.797e+00	7.415e-01	2.045e-02	 78.00	 58.51
21	5.176e+00	7.437e-01	3.728e+00	6.665e-01	3.837e-02	 76.00	 59.33
22	5.120e+00	7.333e-01	3.628e+00	7.419e-01	1.740e-02	 76.00	 59.96
23	4.951e+00	7.105e-01	3.540e+00	6.730e-01	2.838e-02	 78.00	 61.21
24	4.836e+00	6.898e-01	3.457e+00	6.659e-01	2.390e-02	 78.00	 62.42
25	4.734e+00	6.710e-01	3.378e+00	6.657e-01	1.897e-02	 80.00	 63.56
26	4.548e+00	6.402e-01	3.313e+00	5.336e-01	6.110e-02	 80.00	 65.23
27	5.368e+00	6.812e-01	3.500e+00	1.186e+00	7.833e-04	 62.00	 63.38
28	4.482e+00	5.815e-01	3.335e+00	4.521e-01	1.135e-01	 82.00	 68.19
29	4.424e+00	5.642e-01	3.190e+00	6.547e-01	1.578e-02	 82.00	 69.14
30	4.466e+00	5.695e-01	3.051e+00	8.406e-01	4.937e-03	 68.00	 69.12
31	4.301e+00	5.774e-01	3.022e+00	6.908e-01	1.167e-02	 82.00	 68.84
32	4.128e+00	5.818e-01	3.010e+00	4.554e-01	8.098e-02	 84.00	 68.63
33	4.042e+00	5.489e-01	2.920e+00	5.445e-01	2.796e-02	 82.00	 70.37
34	4.052e+00	5.034e-01	2.841e+00	7.028e-01	4.693e-03	 84.00	 72.74
35	3.849e+00	4.521e-01	2.784e+00	6.015e-01	1.124e-02	 86.00	 75.37
36	3.698e+00	4.353e-01	2.775e+00	4.276e-01	5.925e-02	 84.00	 76.26
37	3.647e+00	4.180e-01	2.683e+00	5.283e-01	1.690e-02	 86.00	 77.32
38	3.636e+00	4.240e-01	2.649e+00	5.485e-01	1.412e-02	 88.00	 77.10
39	3.444e+00	4.111e-01	2.610e+00	3.574e-01	6.520e-02	 90.00	 77.84
40	3.461e+00	3.848e-01	2.564e+00	5.014e-01	1.035e-02	 90.00	 79.24
41	3.297e+00	3.377e-01	2.514e+00	4.285e-01	1.719e-02	 94.00	 81.71
42	3.187e+00	3.163e-01	2.489e+00	3.427e-01	3.867e-02	 96.00	 82.81
43	3.279e+00	3.078e-01	2.444e+00	5.227e-01	4.703e-03	 94.00	 83.31
44	3.041e+00	2.836e-01	2.412e+00	3.012e-01	4.351e-02	 96.00	 84.66
45	3.056e+00	2.882e-01	2.386e+00	3.640e-01	1.699e-02	 96.00	 84.45
46	2.950e+00	2.627e-01	2.354e+00	3.077e-01	2.596e-02	 96.00	 85.81
47	2.866e+00	2.277e-01	2.322e+00	2.912e-01	2.571e-02	 96.00	 87.67
48	2.862e+00	2.153e-01	2.301e+00	3.341e-01	1.167e-02	 98.00	 88.29
49	2.757e+00	2.037e-01	2.292e+00	1.896e-01	7.169e-02	 98.00	 88.89
50	3.667e+00	3.320e-01	2.439e+00	8.960e-01	2.448e-04	 98.00	 82.12
51	2.902e+00	2.671e-01	2.391e+00	1.871e-01	5.704e-02	 98.00	 85.37
52	2.795e+00	2.226e-01	2.322e+00	2.140e-01	3.642e-02	 98.00	 87.81
53	2.988e+00	2.382e-01	2.275e+00	4.736e-01	1.461e-03	100.00	 87.16
54	2.812e+00	2.433e-01	2.269e+00	2.870e-01	1.186e-02	 98.00	 86.86
55	2.698e+00	2.007e-01	2.252e+00	1.352e-01	1.101e-01	 98.00	 89.14
56	2.828e+00	1.837e-01	2.233e+00	4.092e-01	1.949e-03	100.00	 90.05
57	2.823e+00	1.711e-01	2.216e+00	4.340e-01	1.904e-03	100.00	 90.62
58	2.635e+00	1.858e-01	2.224e+00	1.947e-01	3.061e-02	 98.00	 89.84
59	2.575e+00	1.677e-01	2.212e+00	1.361e-01	5.916e-02	100.00	 90.91
60	2.682e+00	1.856e-01	2.213e+00	2.782e-01	5.271e-03	 98.00	 89.91
61	2.643e+00	1.613e-01	2.194e+00	2.828e-01	4.852e-03	 98.00	 91.24
62	2.530e+00	1.565e-01	2.186e+00	1.541e-01	3.346e-02	 98.00	 91.47
63	2.470e+00	1.350e-01	2.168e+00	1.387e-01	2.786e-02	100.00	 92.68
64	2.538e+00	1.471e-01	2.173e+00	2.120e-01	5.512e-03	100.00	 92.01
65	2.473e+00	1.200e-01	2.150e+00	1.959e-01	7.315e-03	100.00	 93.49
66	2.420e+00	1.294e-01	2.150e+00	1.152e-01	2.477e-02	100.00	 92.94
67	2.413e+00	1.319e-01	2.148e+00	1.177e-01	1.581e-02	100.00	 92.81
68	2.425e+00	1.142e-01	2.147e+00	1.581e-01	6.628e-03	100.00	 93.75
69	2.337e+00	9.033e-02	2.128e+00	1.026e-01	1.646e-02	100.00	 95.06
70	2.379e+00	1.316e-01	2.142e+00	8.522e-02	1.991e-02	100.00	 92.82
71	2.367e+00	1.065e-01	2.124e+00	1.309e-01	5.712e-03	100.00	 94.22
72	2.322e+00	9.450e-02	2.123e+00	9.320e-02	1.096e-02	100.00	 94.87
73	2.325e+00	1.111e-01	2.124e+00	7.583e-02	1.442e-02	100.00	 93.94
74	2.346e+00	1.150e-01	2.121e+00	1.041e-01	6.114e-03	100.00	 93.77
75	2.285e+00	9.005e-02	2.114e+00	6.681e-02	1.348e-02	100.00	 95.12
76	2.308e+00	1.053e-01	2.116e+00	7.835e-02	8.605e-03	100.00	 94.30
77	2.304e+00	9.976e-02	2.116e+00	8.164e-02	6.814e-03	100.00	 94.56
78	2.291e+00	1.064e-01	2.109e+00	6.517e-02	1.017e-02	100.00	 94.19
79	2.294e+00	1.016e-01	2.115e+00	7.016e-02	7.309e-03	100.00	 94.45
80	2.279e+00	9.629e-02	2.104e+00	7.348e-02	5.829e-03	100.00	 94.76
81	2.230e+00	6.631e-02	2.103e+00	4.782e-02	1.303e-02	100.00	 96.39
82	2.288e+00	8.981e-02	2.102e+00	9.313e-02	2.950e-03	100.00	 95.13
83	2.237e+00	7.644e-02	2.106e+00	3.864e-02	1.561e-02	100.00	 95.83
84	2.348e+00	1.344e-01	2.119e+00	9.213e-02	2.635e-03	100.00	 92.64
85	2.333e+00	1.345e-01	2.147e+00	3.478e-02	1.674e-02	100.00	 92.64
86	2.411e+00	1.666e-01	2.149e+00	9.337e-02	2.143e-03	100.00	 90.90
87	2.294e+00	1.104e-01	2.129e+00	4.385e-02	1.090e-02	100.00	 93.98
88	2.233e+00	7.726e-02	2.099e+00	5.006e-02	6.642e-03	100.00	 95.78
89	2.304e+00	1.126e-01	2.111e+00	7.792e-02	2.606e-03	100.00	 93.85
90	2.264e+00	9.787e-02	2.119e+00	3.236e-02	1.441e-02	100.00	 94.65
91	2.271e+00	1.011e-01	2.099e+00	6.726e-02	3.127e-03	100.00	 94.52
92	2.256e+00	9.924e-02	2.101e+00	5.128e-02	5.324e-03	100.00	 94.60
93	2.255e+00	9.187e-02	2.115e+00	4.081e-02	7.964e-03	100.00	 95.00
94	2.265e+00	1.090e-01	2.103e+00	4.848e-02	5.028e-03	100.00	 94.08
95	2.230e+00	7.194e-02	2.093e+00	6.156e-02	3.033e-03	100.00	 96.07
96	2.213e+00	7.216e-02	2.100e+00	2.898e-02	1.239e-02	100.00	 96.06
97	2.268e+00	8.894e-02	2.094e+00	8.267e-02	1.539e-03	100.00	 95.17
98	2.247e+00	1.022e-01	2.102e+00	2.396e-02	1.862e-02	100.00	 94.44
99	2.437e+00	1.409e-01	2.148e+00	1.480e-01	6.045e-04	100.00	 92.33
100	2.540e+00	2.180e-01	2.224e+00	1.352e-02	8.509e-02	100.00	 88.14
